1000	1		0.33205		0.76653		0			0			0		1		1.292023346		 0		0
1		2		0.00188		0.00433		147.78		19.009		1		1		0.007315175      0      0
2		3		0.22324		0.51535		242.551		16.929		1		1		0.868638132      0      0
3		4		0.09943		0.22953		187.022		34.622		1		1		0.38688716       0      1
4		5		0.15571		0.35945		411.31		123.855		1		1		0.605875486      0      1
5		6		0.16321		0.37677		148.869		59.228		1		1		0.635058366      0      1
6		7		0.11444		0.26417		238.672		94.956		1		1		0.445291829      1      0
6		9		0.05675		0.05666		162.299		24.786		1		1		0.220817121      0      1
9		10		0.52124		0.27418		124.598		49.571		1		1		2.028171206      0      0
9		12		0.10877		0.1086		140.175		55.768		1		1		0.423229572      0      1
12		13		0.39803		0.20937		116.813		46.474		1		1		1.548754864      1      0
12		15		0.91744		0.31469		249.203		99.145		1		1		3.569805447      1      0
12		17		0.11823		0.11805		291.447		115.952		1		1		0.460038911      0      1
17		18		0.50228		0.26421		303.72		120.835		1		1		1.954396887      1      0
17		20		0.05675		0.05666		215.396		85.695		1		1		0.220817121      1      1
20		21		0.29379		0.15454		198.586		79.007		1		1		1.143151751      1      0
1001	24		0.33205		0.76653		0			0			0		1		1.292023346      0      0
24		25		0.00188		0.00433		100.0		1.4			1		1		0.007315175      0      0
25		26		0.22324		0.51535		123.32		14.56		1		1		0.868638132      0      0
26		27		0.10881		0.25118		30.127		14.729		1		1		0.423385214      0      1
27		28		0.71078		0.37388		230.972		112.92		1		1		2.765680934      0      0
27		29		0.18197		0.42008		160.256		29.458		1		1		0.708054475      0      1
29		30		0.30326		0.15952		430.972		112.92		1		1		1.18             0      0
29		32		0.02439		0.0563		170.507		58.915		1		1		0.094902724      0      1
32		33		0.04502		0.10394		172.14		45.87		1		1		0.175175097      0      1
33		34		0.01876		0.04331		56.981		27.857		1		1		0.072996109      0      1
34		35		0.11823		0.11805		364.665		178.281		1		1		0.460038911      0      1
35		36		0.02365		0.02361		45.78		1.24		1		1		0.092023346      0      1
36		37		0.18954		0.0997		124.647		60.939		1		1		0.737509728      1      0
37		38		0.39803		0.20937		556.981		127.857		1		1		1.548754864      1      0
36		39		0.05675		0.05666		457.78		23.47		1		1		0.220817121      0      1
39		40		0.09477		0.04985		85.473		41.787		1		1		0.368754864      0      1
40		41		0.41699		0.21934		78.457		14.254		1		1		1.622529183      1      1
41		42		0.11372		0.05982		396.735		193.96		1		1		0.442490272      1      0
39		43		0.07566		0.07555		174.562		46.54		1		1		0.294396887      0      1
43		44		0.3696		0.19442		781.152		88.563		1		1		1.438132296      1      1
44		45		0.26536		0.13958		242.172		118.395		1		1		1.032529183      1      0
43		46		0.05675		0.05666		175.316		36.821		1		1		0.220817121      1      0
1002	48		0.33205		0.76653		0			0			0		1		1.292023346      0      0
48		49		0.11819		0.27283		141.254		30.531		1		1		0.459883268      0      0
49		50		2.96288		1.01628		96.274		12.66		1		1		11.52871595      0      0
49		51		0.00188		0.00433		78.8		9.45		1		1		0.007315175      0      1
51		52		0.06941		0.16024		117.88		49.971		1		1		0.270077821      0      1
52		53		0.81502		0.42872		62.668		26.566		1		1		3.171284047      0      0
52		54		0.06378		0.14724		172.285		73.034		1		1		0.248171206      0      1
54		55		0.13132		0.30315		458.556		194.388		1		1		0.510972763      0      1
55		56		0.06191		0.14291		262.962		111.473		1		1		0.240894942      0      1
56		57		0.11444		0.26417		235.761		99.942		1		1		0.445291829      0      1
57		58		0.28374		0.28331		45.4		1.45		1		1		1.104046693      0      1
58		59		0.28374		0.28331		109.215		46.298		1		1		1.104046693      1      0
57		61		0.04502		0.10394		75.21		4.45		1		1		0.175175097      0      1
61		62		0.02626		0.06063		272.809		30.865		1		1		0.102178988      0      1
62		63		0.06003		0.13858		258.473		109.57		1		1		0.233579767      1      1
63		64		0.03002		0.06929		69.169		29.322		1		1		0.116809339      1      1
64		65		0.02064		0.04764		421.843		79.26		1		1		0.080311284      1      0
62		67		0.10881		0.25118		124.147		12.78		1		1		0.423385214      0      1
67		68		0.25588		0.1346		220.527		8.702		1		1		0.995642023      0      1
68		69		0.41699		0.21934		250.548		63.819		1		1		1.622529183      1      1
69		70		0.50228		0.26421		720.687		93.552		1		1		1.954396887      1      1
70		71		0.3317		0.17448		192.384		39.163		1		1		1.290661479      1      0
71		72		0.20849		0.10967		0			0			1		1		0.811245136      1      0
56		73		0.13882		0.32047		226.693		96.098		1		1		0.540155642      1      0
1003	75		0.0075		0.01732		0			0			0		1		0.029182879      0      0
75		76		0.27014		0.62362		294.016		116.974		1		1		1.051128405      0      0
76		77		0.3827		0.88346		83.015		33.028		1		1		1.489105058      0      1
77		78		0.33018		0.7622		83.015		33.028		1		1		1.284747082      0      1
78		80		0.3283		0.75787		203.77		41.285		1		1		1.277431907      0      1
80		81		0.17072		0.39409		176.408		70.184		1		1		0.664280156      0      1
81		82		0.55914		0.29412		483.015		133.028		1		1		2.175642023      0      0
81		83		0.05816		0.13425		217.917		86.698		1		1		0.226303502      0      1
83		84		0.7013		0.3689		23.294		9.267		1		1		2.728793774      0      1
84		85		1.02352		0.53839		105.075		24.019		1		1		3.982568093      1      0
83		86		0.06754		0.15591		172.638		28.899		1		1		0.262801556      1      1
86		87		1.32352		0.45397		405.99		161.523		1		1		5.149883268      1      0
1004	121		0.01126		0.02598		0			0			0		1		0.04381323       0      0
121		122		0.72976		1.68464		800.182		42.468		1		1		2.839533074      0      0
122		123		0.22512		0.51968		142.523		60.417		1		1		0.875953307      0      0
123		124		0.20824		0.48071		296.042		40.713		1		1		0.810272374      1      1
124		125		0.0469		0.10827		400.454		127.366		1		1		0.182490272      0      1
125		127		0.6195		0.61857		741.238		59.873		1		1		2.410505837      0      1
127		128		0.34049		0.33998		279.847		118.631		1		1		1.324863813      0      1
128		129		0.56862		0.29911		187.312		37.013		1		1		2.212529183      0      0
128		130		0.10877		0.1086		243.849		103.371		1		1		0.423229572      1      1
130		131		0.56862		0.29911		247.75		105.025		1		1		2.212529183      1      0
1005	133		0.01126		0.02598		0			0			0		1		0.04381323       0      0
133		134		0.41835		0.96575		189.878		38.101		1		1		1.627821012      0      0
134		135		0.10499		0.13641		1237.28		482.108		1		1		0.408521401      0      0
134		136		0.43898		1.01338		558.339		194.296		1		1		1.708093385      0      1
136		137		0.0752		0.02579		585.197		163.29		1		1		0.292607004      0      1
137		138		0.07692		0.17756		500.65		12.0		1		1		0.299299611      0      1
138		139		0.33205		0.76653		179.608		33.747		1		1		1.292023346      0      1
139		141		0.08442		0.19488		187.312		37.013		1		1		0.32848249       0      1
141		142		0.1332		0.30748		352.21		150.0		1		1		0.518287938      1      1
142		143		0.2932		0.29276		674.001		31.37		1		1		1.140856031      0      1
143		144		0.21753		0.21721		232.05		98.369		1		1		0.846420233      1      0
144		145		0.26482		0.26443		141.819		60.119		1		1		1.030428016      1      0
142		146		0.10318		0.23819		158.26		0			1		1		0.401478599      1      1
146		147		0.13507		0.31181		276.449		32.408		1		1		0.525564202      1      0
1006	148		0.00938		0.02165		0			0			0		1		0.036498054      0      0
148		149		0.16884		0.38976		251.322		21.756		1		1		0.656964981      0      0
149		150		0.11819		0.27283		359.874		25.381		1		1		0.459883268      0      1
150		152		2.28608		0.78414		129.065		3.843		1		1		8.895252918      0      0
150		153		0.45587		1.05236		452.092		0.887		1		1		1.77381323       0      1
153		154		0.696		1.60669		716.735		7.094		1		1		2.708171206      0      1
154		155		0.45774		1.05669		3506.522	638.634		1		1		1.781089494      0      1
155		156		0.20298		0.26373		713.023		132.694		1		1		0.789805447      1      1
156		157		0.21348		0.27737		379.831		33.842		1		1		0.830661479      0      1
157		158		0.54967		0.28914		251.322		21.756		1		1		2.138793774      0      1
158		159		0.54019		0.28415		600.00		0			1		1		2.101906615      0      1
157		160		0.0455		0.05911		502.435		85.815		1		1		0.177042802      0      1
160		162		0.47385		0.24926		360.823		25.784		1		1		1.843774319      1      1
162		163		0.86241		0.45364		445.618		19.338		1		1		3.355680934      1      0
163		164		0.56862		0.29911		200.00		100.00		1		1		2.212529183      1      0
158		200		0.77711		0.40878		157.07		66.584		1		1		3.023774319      0      1
200		201		1.08038		0.5683		200.00		100.00		1		1		4.20381323       1      0
159		202		1.09933		0.57827		250.148		106.041		1		1		4.277548638      1      1
202		203		0.47385		0.24926		250.00		110.00		1		1		1.843774319      1      0
154		204		0.32267		0.74488		69.809		29.593		1		1		1.255525292      0      1
204		205		0.14633		0.33779		32.072		13.596		1		1		0.569377432      1      0
205		206		0.12382		0.28583		61.084		25.894		1		1		0.481789883      1      0
1007	207		0.01126		0.02598		0			0			0		1		0.04381323       0      0
207		208		0.6491		1.49842		194.622		46.26		1		1		2.525680934      0      0
208		209		0.04502		0.10394		149.858		24.375		1		1		0.175175097      0      0
209		210		0.5264		0.18056		723.164		60.214		1		1		2.048249027      1      0
209		211		0.02064		0.04764		278.35		38.304		1		1		0.080311284      0      1
211		212		0.53071		0.27917		245.475		71.121		1		1		2.065019455      0      0
211		214		0.09755		0.2252		121.369		10.447		1		1		0.379571984      0      1
214		215		0.11819		0.27283		374.789		36.564		1		1		0.459883268      0      0
214		217		0.13882		0.32047		227.926		111.431		1		1		0.540155642      0      1
217		218		0.04315		0.09961		355.614		17.411		1		1		0.167898833      0      1
218		219		0.09192		0.2122		249.295		121.877		1		1		0.35766537       0      1
219		220		0.16134		0.37244		716.722		154.842		1		1		0.627782101      0      1
220		221		0.37832		0.37775		233.817		163.199		1		1		1.472062257      1      1
221		222		0.39724		0.39664		249.295		121.877		1		1		1.545680934      0      0
222		223		0.2932		0.29276		0			0			1		1		1.140856031      1      0
7		86		0.13132		0.30315		0			0			0		0		0.510972763      0      0
10		32		0.26536		0.13958		0			0			0		0		1.032529183      0      0
20		130		0.14187		0.14166		0			0			0		0		0.552023346      0      0
46		223		0.08512		0.08499		0			0			0		0		0.331206226      0      0
33		61		0.04502		0.10394		0			0			0		0		0.175175097      0      0
59		145		0.14187		0.14166		0			0			0		0		0.552023346      0      0
65		147		0.14187		0.14166		0			0			0		0		0.552023346      0      0
73		206		0.0394		0.09094		0			0			0		0		0.153307393      0      0
78		125		0.12944		0.29882		0			0			0		0		0.503657588      0      0
125		219		0.01688		0.03898		0			0			0		0		0.065680934      0      0
131		223		0.3317		0.17448		0			0			0		0		1.290661479      0      0
139		154		0.14187		0.14166		0			0			0		0		0.552023346      0      0
138		217		0.07692		0.17756		0			0			0		0		0.299299611      0      0
138		153		0.07692		0.17756		0			0			0		0		0.299299611      0      0
141		154		0.07692		0.17756		0			0			0		0		0.299299611      0      0
141		220		0.07692		0.17756		0			0			0		0		0.299299611      0      0
145		206		0.26482		0.26443		0			0			0		0		1.030428016      0      0
160		56		0.49696		0.64567		0			0			0		0		1.933696498      0      0
212		122		0.17059		0.08973		0			0			0		0		0.663774319      0      0
215		123		0.05253		0.12126		0			0			0		0		0.204396887      0      0
223		147		0.2932		0.29276		0			0			0		0		1.140856031      0      0

//noi	nof		R(ohm)		X(ohm)		P(kW)		Q(kVAr)		Aloc	Estado	distancia(km)	alocGD	alocCH	